255 255 255 255 255 255 255 255 255 255 255 255 255 255 255 255
255 112  64  64  64 207 112 255 207 207 207  64  64  64 112 255
255  64 239 191 191 191  48  48  64 207 191 191 191 239  64 255
255  64 191   0 191 191 143 143 255 112 191 191   0 191  64 255
255  64 191 191 143 191 191 191  48  48 191 143 191 191  64 255
255 207 191 191 191 239 239 239 239 239 239 191 191 191 207 255
255 112 207 207  96  96  64 207 191  48  48  96  48 239 112 255
255 112 207 207 239  96  16  16  48 191  48 239 191 239 255 255
255  64 112  64 239  96  64 207 191 239   0  48  48 191 207 255
255  64 255 207  96  96 112 255  48 239  48 239 191  48  64 255
255 207 191 191 191 239 207 159 191 191 239 239  48 191  64 255
255  64 191 191 143 191 255  64  48 191 239 239  48 191 207 255
255  64 191   0 191 191 255 112  96 239  64  64  48 239 207 255
255  64 239 191 191 191 255 255 191 191  64  64  48  96 207 255
255 112  64  64  64 207 255 255  64  64 255 255 207  64 112 255
255 255 255 255 255 255 255 255 255 255 255 255 255 255 255 255
255 255 255 255 255 255 255 255 255 255 255 255 255 255 255 255
255 112  64  64  64 207 112 255 207 207 207  64  64  64 112 255
255  64 239 191 191 191  48  48  64 207 191 191 191 239  64 255
255  64 191   0 191 191 143 143 255 112 191 191   0 191  64 255
255  64 191 191 143 191 191 191  48  48 191 143 191 191  64 255
255 207 191 191 191 239 239 239 239 239 239 191 191 191 207 255
255 112 207 207  96  96  64 207 191  48  48  96  48 239 112 255
255 112 207 207 239  96  16  16  48 191  48 239 191 239 255 255
255  64 112  64 239  96  64 207 191 239   0  48  48 191 207 255
255  64 255 207  96  96 112 255  48 239  48 239 191  48  64 255
255 207 191 191 191 239 207 159 191 191 239 239  48 191  64 255
255  64 191 191 143 191 255  64  48 191 239 239  48 191 207 255
255  64 191   0 191 191 255 112  96 239  64  64  48 239 207 255
255  64 239 191 191 191 255 255 191 191  64  64  48  96 207 255
255 112  64  64  64 207 255 255  64  64 255 255 207  64 112 255
255 255 255 255 255 255 255 255 255 255 255 255 255 255 255 255
255 255 255 255 255 255 255 255 255 255 255 255 255 255 255 255
255 112  64  64  64 207 112 255 207 207 207  64  64  64 112 255
255  64 239 191 191 191  48  48  64 207 191 191 191 239  64 255
255  64 191   0 191 191 143 143 255 112 191 191   0 191  64 255
255  64 191 191 143 191 191 191  48  48 191 143 191 191  64 255
255 207 191 191 191 239 239 239 239 239 239 191 191 191 207 255
255 112 207 207  96  96  64 207 191  48  48  96  48 239 112 255
255 112 207 207 239  96  16  16  48 191  48 239 191 239 255 255
255  64 112  64 239  96  64 207 191 239   0  48  48 191 207 255
255  64 255 207  96  96 112 255  48 239  48 239 191  48  64 255
255 207 191 191 191 239 207 159 191 191 239 239  48 191  64 255
255  64 191 191 143 191 255  64  48 191 239 239  48 191 207 255
255  64 191   0 191 191 255 112  96 239  64  64  48 239 207 255
255  64 239 191 191 191 255 255 191 191  64  64  48  96 207 255
255 112  64  64  64 207 255 255  64  64 255 255 207  64 112 255
255 255 255 255 255 255 255 255 255 255 255 255 255 255 255 255

255 255 255 255 255 255 255 255 255 255 255 255 255 255 255 255
255 112  64  64  64 207 112 255 207  64  64 207 207 207 112 255
255  64 239 191 191 191 239 239 191  48 191 191 239  96  64 255
255  64 191   0 191 191  48 191  48 191  48  48  48  48 207 255
255  64 191 191 143 191  96 239  48 239 239 239  64  64 255 255
255 207 191 191 191 239  48  48   0  48 239 239  64  64 255 255
255 207 207 112  48 239  48 191 239 239 191 191 239 191  64 255
255 207  64 255  48 239 191  48 191  48 191  48  96 191  64 255
255 255  48 143 191 239 207  16 207 255 159  64 112 255 255 255
255 112  48 143 191 239  64  16  64 112 207 255 255 255 255 255
255 207 191 191 191 239  96  96  96  96 239 191 191 191 207 255
255  64 191 191 143 191  96 239 239  96 191 143 191 191  64 255
255  64 191   0 191 191 207 207  64 207 191 191   0 191  64 255
255  64 239 191 191 191 207 207 112 255 191 191 191 239  64 255
255 112  64  64  64 207 112 112  64  64 207  64  64  64 112 255
255 255 255 255 255 255 255 255 255 255 255 255 255 255 255 255
255 255 255 255 255 255 255 255 255 255 255 255 255 255 255 255
255 112  64  64  64 207 112 255 207  64  64 207 207 207 112 255
255  64 239 191 191 191 239 239 191  48 191 191 239  96  64 255
255  64 191   0 191 191  48 191  48 191  48  48  48  48 207 255
255  64 191 191 143 191  96 239  48 239 239 239  64  64 255 255
255 207 191 191 191 239  48  48   0  48 239 239  64  64 255 255
255 207 207 112  48 239  48 191 239 239 191 191 239 191  64 255
255 207  64 255  48 239 191  48 191  48 191  48  96 191  64 255
255 255  48 143 191 239 207  16 207 255 159  64 112 255 255 255
255 112  48 143 191 239  64  16  64 112 207 255 255 255 255 255
255 207 191 191 191 239  96  96  96  96 239 191 191 191 207 255
255  64 191 191 143 191  96 239 239  96 191 143 191 191  64 255
255  64 191   0 191 191 207 207  64 207 191 191   0 191  64 255
255  64 239 191 191 191 207 207 112 255 191 191 191 239  64 255
255 112  64  64  64 207 112 112  64  64 207  64  64  64 112 255
255 255 255 255 255 255 255 255 255 255 255 255 255 255 255 255
255 255 255 255 255 255 255 255 255 255 255 255 255 255 255 255
255 112  64  64  64 207 112 255 207  64  64 207 207 207 112 255
255  64 239 191 191 191 239 239 191  48 191 191 239  96  64 255
255  64 191   0 191 191  48 191  48 191  48  48  48  48 207 255
255  64 191 191 143 191  96 239  48 239 239 239  64  64 255 255
255 207 191 191 191 239  48  48   0  48 239 239  64  64 255 255
255 207 207 112  48 239  48 191 239 239 191 191 239 191  64 255
255 207  64 255  48 239 191  48 191  48 191  48  96 191  64 255
255 255  48 143 191 239 207  16 207 255 159  64 112 255 255 255
255 112  48 143 191 239  64  16  64 112 207 255 255 255 255 255
255 207 191 191 191 239  96  96  96  96 239 191 191 191 207 255
255  64 191 191 143 191  96 239 239  96 191 143 191 191  64 255
255  64 191   0 191 191 207 207  64 207 191 191   0 191  64 255
255  64 239 191 191 191 207 207 112 255 191 191 191 239  64 255
255 112  64  64  64 207 112 112  64  64 207  64  64  64 112 255
255 255 255 255 255 255 255 255 255 255 255 255 255 255 255 255

255 254 254 254 255 255 254 254 255 254 254 254 254 254 254 255
254 169 117 219 239 239 134 150 249 227 158 121 116 115 163 254
254 187 106  60  91  86 161 131 178 197  97 195 153 207 115 254
254 187 182  67  95  69 158 100 108 160  98 191   4 153 116 254
254 215 190  53 221 128 153  98 117 227 176 167 191 194 121 254
254 114 197  74 128  72  95 154 143 168 114 106 129 173 165 254
254 110 111 175 174 114 191  76 177 105  65  86 145 216 115 254
254 174 151  88  44  87 172 139 149  74 105 155 136 169 150 254
254 204 185 152 153 107 133 108  90  40 108 160 204 215 181 254
254 170 206 123  86  78  60 150 179  73 113 115 182 177 137 254
254 219 131 174 127 140 127  90 144 130 114 176  98  97 158 254
254 121 194 191 167 176  78  97 185 167 111 167 191 194 121 254
254 116 154   4 191 115  88 169 120 132 174 191   4 153 116 254
254 115 207 153 194 195 197  92  66  48 131 195 153 207 115 254
254 163 115 116 121 165 199 212 238 160 219 121 116 115 163 254
255 254 254 254 254 254 254 254 255 254 254 254 254 254 254 255
255 254 254 254 255 255 254 254 255 254 254 254 254 254 254 255
254 169 117 219 239 239 134 150 249 227 158 121 116 115 163 254
254 187 106  60  91  86 161 131 178 197  97 195 153 207 115 254
254 187 182  67  95  69 158 100 108 160  98 191   4 153 116 254
254 215 190  53 221 128 153  98 117 227 176 167 191 194 121 254
254 114 197  74 128  72  95 154 143 168 114 106 129 173 165 254
254 110 111 175 174 114 191  76 177 105  65  86 145 216 115 254
254 174 151  88  44  87 172 139 149  74 105 155 136 169 150 254
254 204 185 152 153 107 133 108  90  40 108 160 204 215 181 254
254 170 206 123  86  78  60 150 179  73 113 115 182 177 137 254
254 219 131 174 127 140 127  90 144 130 114 176  98  97 158 254
254 121 194 191 167 176  78  97 185 167 111 167 191 194 121 254
254 116 154   4 191 115  88 169 120 132 174 191   4 153 116 254
254 115 207 153 194 195 197  92  66  48 131 195 153 207 115 254
254 163 115 116 121 165 199 212 238 160 219 121 116 115 163 254
255 254 254 254 254 254 254 254 255 254 254 254 254 254 254 255
255 254 254 254 255 255 254 254 255 254 254 254 254 254 254 255
254 169 117 219 239 239 134 150 249 227 158 121 116 115 163 254
254 187 106  60  91  86 161 131 178 197  97 195 153 207 115 254
254 187 182  67  95  69 158 100 108 160  98 191   4 153 116 254
254 215 190  53 221 128 153  98 117 227 176 167 191 194 121 254
254 114 197  74 128  72  95 154 143 168 114 106 129 173 165 254
254 110 111 175 174 114 191  76 177 105  65  86 145 216 115 254
254 174 151  88  44  87 172 139 149  74 105 155 136 169 150 254
254 204 185 152 153 107 133 108  90  40 108 160 204 215 181 254
254 170 206 123  86  78  60 150 179  73 113 115 182 177 137 254
254 219 131 174 127 140 127  90 144 130 114 176  98  97 158 254
254 121 194 191 167 176  78  97 185 167 111 167 191 194 121 254
254 116 154   4 191 115  88 169 120 132 174 191   4 153 116 254
254 115 207 153 194 195 197  92  66  48 131 195 153 207 115 254
254 163 115 116 121 165 199 212 238 160 219 121 116 115 163 254
255 254 254 254 254 254 254 254 255 254 254 254 254 254 254 255

255 255 254 254 254 255 254 254 255 254 255 254 254 254 255 255
255 164 116 116 122 165 116 151 181 137 159 122 116 116 164 255
254 116 208 153 195 173 216 170 216 177  97 195 153 208 116 254
254 116 153   5 191 129 145 137 205 182  98 191   5 153 116 254
254 122 195 192 168 107  86 155 161 115 176 168 192 195 122 254
255 159  97  98 176 115  65 105 108 113 115 111 174 131 219 255
255 228 197 161 227 168 105  75  40  73 131 168 133  49 161 255
255 250 178 109 117 144 178 149  90 179 144 185 120  67 238 255
254 150 131 100  98 154  77 140 108 151  91  98 169  92 213 255
254 134 162 159 154  95 191 172 134  60 127  78  88 197 199 255
255 239  87  69 128  73 115  88 108  78 141 176 116 195 165 255
255 239  92  96 222 128 174  44 154  86 127 168 191 195 122 254
255 220  60  68  54  75 176  88 152 124 174 191   5 153 116 254
254 118 106 183 190 198 111 151 186 206 131 195 154 208 116 254
255 170 188 188 215 115 110 175 205 171 219 122 116 116 164 255
255 255 255 255 255 254 254 255 255 255 255 254 254 254 255 255
255 255 254 254 254 255 254 254 255 254 255 254 254 254 255 255
255 164 116 116 122 165 116 151 181 137 159 122 116 116 164 255
254 116 208 153 195 173 216 170 216 177  97 195 153 208 116 254
254 116 153   5 191 129 145 137 205 182  98 191   5 153 116 254
254 122 195 192 168 107  86 155 161 115 176 168 192 195 122 254
255 159  97  98 176 115  65 105 108 113 115 111 174 131 219 255
255 228 197 161 227 168 105  75  40  73 131 168 133  49 161 255
255 250 178 109 117 144 178 149  90 179 144 185 120  67 238 255
254 150 131 100  98 154  77 140 108 151  91  98 169  92 213 255
254 134 162 159 154  95 191 172 134  60 127  78  88 197 199 255
255 239  87  69 128  73 115  88 108  78 141 176 116 195 165 255
255 239  92  96 222 128 174  44 154  86 127 168 191 195 122 254
255 220  60  68  54  75 176  88 152 124 174 191   5 153 116 254
254 118 106 183 190 198 111 151 186 206 131 195 154 208 116 254
255 170 188 188 215 115 110 175 205 171 219 122 116 116 164 255
255 255 255 255 255 254 254 255 255 255 255 254 254 254 255 255
255 255 254 254 254 255 254 254 255 254 255 254 254 254 255 255
255 164 116 116 122 165 116 151 181 137 159 122 116 116 164 255
254 116 208 153 195 173 216 170 216 177  97 195 153 208 116 254
254 116 153   5 191 129 145 137 205 182  98 191   5 153 116 254
254 122 195 192 168 107  86 155 161 115 176 168 192 195 122 254
255 159  97  98 176 115  65 105 108 113 115 111 174 131 219 255
255 228 197 161 227 168 105  75  40  73 131 168 133  49 161 255
255 250 178 109 117 144 178 149  90 179 144 185 120  67 238 255
254 150 131 100  98 154  77 140 108 151  91  98 169  92 213 255
254 134 162 159 154  95 191 172 134  60 127  78  88 197 199 255
255 239  87  69 128  73 115  88 108  78 141 176 116 195 165 255
255 239  92  96 222 128 174  44 154  86 127 168 191 195 122 254
255 220  60  68  54  75 176  88 152 124 174 191   5 153 116 254
254 118 106 183 190 198 111 151 186 206 131 195 154 208 116 254
255 170 188 188 215 115 110 175 205 171 219 122 116 116 164 255
255 255 255 255 255 254 254 255 255 255 255 254 254 254 255 255
